-131067304
-127112088
-125279880
-124613840
-120460312
-120444712
-120006496
-117826432
-114801232
-112362664
-111262856
-110544120
-110159688
-109225176
-109106976
-106248592
-104630480
-98810088
-97972376
-97707336
-96237752
-95116160
-65872856
-64911000
-62738484
-62454296
-62375408
-61814544
-61490304
-60387392
-58929732
-58803808
-58153152
-57252068
-56877640
-50629448
-50193444
-49749812
-49007824
-48281436
-48176292
-31974870
-31711416
-31255564
-31075056
-30241316
-29795092
-29169444
-29003168
-28839862
-28518112
-28269008
-28130096
-27063410
-26694552
-25979166
-25914538
-24138900
-24114402
-23950076
-23750920
-16544025
-16129679
-16104387
-15924067
-15735944
-15314742
-14801877
-14597454
-14581310
-14167656
-14085834
-14027796
-13744134
-13606440
-13406185
-13192071
-12995766
-12718891
-12619249
-12609527
-12540516
-12321268
-12255456
-12154478
-12113459
-12101293
-8075124
-8043830
-8018973
-7955615
-7763886
-7689977
-7653039
-7625689
-7622212
-7457227
-7162774
-7124232
-7115262
-6955381
-6919922
-6838000
-6694086
-6559884
-6537650
-6484804
-6365460
-6252096
-6201460
-5957963
-5943432
-4170163
-4136859
-3866408
-3844582
-3825498
-3770411
-3644522
-3640198
-3611475
-3589830
-3475406
-3461255
-3158593
-3118119
-3117245
-3115436
-3058905
-2054369
-1990350
-1966057
-1959344
-1941041
-1930823
-1844283
-1832655
-1813258
-1741422
-1595593
-1567836
-1527559
-1525640
-1503025
-1039546
-1038094
-1020337
-1000924
-1000239
-977894
-973697
-972564
-967266
-964564
-957115
-911730
-892980
-872740
-871846
-862008
-850960
-849954
-809909
-809324
-758107
-755817
-496337
-493535
-491337
-475871
-470854
-469447
-449941
-445916
-419279
-416820
-406520
-257357
-247818
-235181
-233145
-232212
-230892
-221596
-220579
-217496
-211064
-210785
-208920
-208853
-207465
-207126
-207024
-204839
-204061
-196634
-194668
-128950
-128929
-128289
-124183
-122090
-118150
-114334
-113506
-109329
-107153
-106202
-101638
-99770
-98493
-97813
-97688
-96192
-64834
-64021
-62881
-62781
-61207
-60690
-60033
-59818
-59160
-57188
-53696
-53608
-53603
-52448
-51856
-47791
-47388
-47044
-46874
-32687
-32470
-31746
-31004
-29749
-29407
-28530
-28474
-28419
-28411
-27721
-26804
-25908
-25512
-24393
-24047
-15841
-15748
-15492
-15141
-14201
-13865
-13765
-13461
-12846
-12837
-12651
-12217
-12196
-12053
-12015
-11703
-8141
-7798
-7634
-7619
-7314
-6609
-6605
-6290
-6090
-6079
-5976
-4074
-3861
-3730
-3676
-3618
-3612
-3574
-3511
-3493
-3491
-3452
-3439
-3411
-3269
-3264
-3174
-3155
-3090
-3013
-2012
-1975
-1924
-1860
-1746
-1744
-1699
-1668
-1622
-1606
-1567
-1558
-1529
-1521
-1503
-1495
-1481
-1453
-1452
-1022
-1019
-1006
-1004
-1000
-995
-976
-975
-971
-955
-932
-931
-899
-898
-896
-864
-852
-850
-836
-816
-775
-766
-748
-744
-742
-735
-507
-493
-485
-482
-481
-479
-462
-461
-454
-448
-443
-425
-410
-389
-380
-369
-364
-251
-237
-235
-234
-234
-224
-222
-221
-220
-214
-210
-209
-192
-191
-191
-188
-187
-187
-186
-185
-181
-125
-124
-122
-121
-119
-119
-118
-117
-113
-113
-112
-105
-104
-104
-103
-102
-100
-99
-95
-91
-91
-61
-61
-59
-58
-57
-56
-56
-54
-54
-53
-53
-51
-51
-49
-49
-49
-46
-46
-46
-31
-31
-30
-30
-29
-29
-29
-28
-27
-26
-26
-26
-24
-24
-23
-23
-23
-22
-15
-15
-15
-15
-15
-15
-14
-14
-14
-14
-13
-13
-13
-13
-12
-12
-12
-12
-11
-11
-7
-7
-7
-7
-6
-6
-6
-6
-6
-6
-6
-6
-6
-5
-3
-3
-3
-3
-3
-3
-3
-3
-3
-3
-3
-3
-3
-3
-3
-2
-2
-2
-1
-1
-1
-1
-1
-1
-1
-1
-1
-1
-1
-1
-1
-1
-1
-1
-1
-1
1
1
1
1
1
1
1
1
1
1
2
2
2
2
2
2
2
2
2
2
2
2
2
2
2
2
2
2
4
4
4
4
4
4
4
4
4
4
4
4
4
4
4
4
5
5
5
5
5
5
5
5
8
8
8
8
8
8
9
9
10
10
10
10
10
11
16
17
17
17
18
18
18
19
20
20
20
20
21
22
32
33
33
33
34
35
38
40
42
42
43
44
45
65
67
68
68
70
71
71
75
75
77
79
81
81
82
83
83
84
86
87
88
89
89
129
135
136
138
139
140
142
147
151
156
156
159
170
177
178
179
265
267
268
270
274
280
285
302
304
314
315
317
318
322
341
345
347
352
353
354
512
517
522
526
533
554
562
566
569
570
574
583
596
598
613
616
639
653
662
690
698
720
722
1027
1030
1050
1057
1075
1129
1134
1168
1223
1239
1263
1296
1317
1319
1342
1358
1415
1417
1421
1439
2077
2141
2149
2162
2163
2204
2244
2251
2327
2405
2537
2550
2563
2582
2729
2741
2758
2836
2884
4161
4496
4518
4519
4601
4752
4877
4984
5047
5295
5337
5419
5670
8440
8571
8947
8973
9064
9552
9623
9649
9822
9843
10023
10039
10277
10420
10508
10521
10681
10784
11016
11123
11140
11152
11538
16824
16946
17082
17208
17418
18693
20433
20461
20902
20958
21121
21162
21290
22649
33118
33393
33744
34458
34626
34979
35452
36567
36774
37761
38927
40092
40323
40555
40764
42535
43153
45963
46319
65634
67876
71953
72187
76395
76953
78327
78687
81157
81159
83144
85045
85868
87121
88830
89898
90120
136280
139160
140030
142962
149117
151427
153232
153711
155190
155923
156928
160191
170168
171910
172567
185256
264408
267323
267712
275306
275772
283931
291600
294089
309168
310812
323029
323194
328292
353060
353810
358376
359883
564983
594895
622155
633855
649323
653100
667640
675574
722197
1080880
1088124
1103395
1105483
1159053
1235307
1288676
1309498
1320575
1339079
1352069
1437178
2140519
2215983
2231851
2252274
2274991
2374929
2412043
2476874
2479584
2539067
2541899
2620681
2668573
2672594
2677114
2712782
4215958
4288715
4293548
4305963
4522695
4565366
4838131
4881971
4937103
4965788
5086992
5319978
5810251
5840533
5842557
5867591
9169868
9364531
9389722
9759090
9803496
10019741
10078957
10327200
10480424
10683343
11010902
11424149
11677099
11723629
11742352
16785202
17132376
17990178
18088796
18151608
18393326
18412594
18539882
18719506
20020072
20313778
22278506
22607676
22837698
33699408
34240252
35683664
35746228
35947784
36052352
37221564
38869196
38887388
39414564
39905016
40983340
41704004
41786512
42138796
42561796
42960636
44564496
45025596
45715268
47327388
68003152
68085288
68628240
68777384
69001344
70070208
70149552
70650848
71016072
71159672
72100504
73791704
78039072
78085720
78833920
80282016
80542160
80846528
81123192
81943816
82183696
82265664
84907232
85941608
86961224
87374136
88466520
93888904
94682432
134217728
134217728
134217728
134217728
134217728
134217728
134217728
134217728
134217728
134217728
134217728
134217728
134217728
134217728
134217728
134217728
134217728
134217728
134217728
134217728
134217728
134217728
134217728
134217728
134217728
134217728
134217728
134217728
134217728
134217728
